[gd_scene load_steps=25 format=3 uid="uid://b6m58djydei3m"]

[ext_resource type="Script" path="res://scripts/player_2.gd" id="1_dfxuo"]
[ext_resource type="Texture2D" uid="uid://p70rs5paiwhn" path="res://assets/skibii/textures/tiesandties_baseColor.png" id="2_pl1up"]
[ext_resource type="Texture2D" uid="uid://bphlhl157vjtf" path="res://assets/skibii/textures/surveillance_camera_baseColor.png" id="3_2bjtg"]
[ext_resource type="Texture2D" uid="uid://blaajlwaqjedl" path="res://assets/skibii/textures/arms_gloves_baseColor.png" id="4_p3ima"]
[ext_resource type="Texture2D" uid="uid://dxk5xpix2ea5y" path="res://assets/skibii/textures/coat_baseColor.png" id="5_0d8c5"]
[ext_resource type="Texture2D" uid="uid://ck1320kg4r5v" path="res://assets/skibii/textures/coat_normal.png" id="6_r4qo6"]
[ext_resource type="Texture2D" uid="uid://b6guvcntpuoyr" path="res://assets/skibii/textures/suit_sheet_baseColor.jpeg" id="7_3sv8t"]
[ext_resource type="Texture2D" uid="uid://byssr7ccai8rv" path="res://assets/skibii/textures/suit_sheet_normal.png" id="8_pjxgn"]

[sub_resource type="CylinderShape3D" id="CylinderShape3D_foq6v"]

[sub_resource type="StandardMaterial3D" id="StandardMaterial3D_1b8ye"]
resource_name = "tiesandties"
cull_mode = 2
albedo_texture = ExtResource("2_pl1up")
roughness = 0.776897

[sub_resource type="ArrayMesh" id="ArrayMesh_uhwij"]
resource_name = "Sketchfab_Scene_male_02_closed_coat_tie_tie1_smd_tiesandties_0"
_surfaces = [{
"aabb": AABB(-0.0328421, 0.943415, 0.0298856, 0.0703459, 0.219366, 0.0739734),
"attribute_data": PackedByteArray(1, 222, 130, 61, 49, 8, 8, 192, 188, 116, 147, 61, 244, 253, 8, 192, 2, 188, 133, 61, 43, 135, 10, 192, 138, 142, 100, 61, 143, 194, 9, 192, 1, 222, 130, 61, 49, 8, 8, 192, 2, 188, 133, 61, 43, 135, 10, 192, 2, 188, 133, 61, 43, 135, 10, 192, 218, 172, 122, 61, 45, 67, 12, 192, 138, 142, 100, 61, 59, 223, 11, 192, 2, 188, 133, 61, 43, 135, 10, 192, 153, 187, 22, 61, 217, 95, 14, 192, 238, 235, 64, 61, 228, 131, 18, 192, 187, 184, 13, 61, 228, 131, 18, 192, 18, 165, 61, 61, 217, 95, 14, 192, 232, 217, 44, 61, 45, 67, 12, 192, 138, 142, 100, 61, 178, 46, 14, 192, 138, 142, 100, 61, 59, 223, 11, 192, 138, 142, 100, 61, 143, 194, 9, 192, 232, 217, 44, 61, 182, 243, 9, 192, 137, 210, 222, 60, 59, 223, 11, 192, 137, 210, 222, 60, 178, 46, 14, 192, 57, 180, 200, 60, 228, 131, 18, 192, 153, 187, 22, 61, 217, 95, 14, 192, 187, 184, 13, 61, 228, 131, 18, 192, 151, 255, 144, 60, 43, 135, 10, 192, 151, 255, 144, 60, 49, 8, 8, 192, 82, 73, 29, 60, 205, 204, 8, 192, 151, 255, 144, 60, 43, 135, 10, 192, 137, 210, 222, 60, 143, 194, 9, 192, 151, 255, 144, 60, 49, 8, 8, 192, 151, 255, 144, 60, 43, 135, 10, 192, 137, 210, 222, 60, 143, 194, 9, 192, 234, 149, 178, 60, 84, 116, 12, 192, 137, 210, 222, 60, 59, 223, 11, 192, 151, 255, 144, 60, 43, 135, 10, 192, 18, 165, 61, 61, 217, 95, 14, 192, 238, 235, 64, 61, 228, 131, 18, 192, 232, 217, 44, 61, 45, 67, 12, 192, 177, 225, 105, 61, 228, 131, 18, 192, 95, 41, 75, 61, 116, 181, 25, 192, 234, 149, 178, 60, 116, 181, 25, 192, 112, 206, 8, 61, 116, 181, 25, 192, 95, 41, 75, 61, 116, 181, 25, 192, 216, 240, 116, 61, 116, 181, 25, 192, 220, 215, 1, 61, 193, 168, 32, 192, 243, 31, 82, 61, 193, 168, 32, 192, 184, 30, 133, 61, 193, 168, 32, 192, 112, 206, 8, 61, 116, 181, 25, 192, 188, 116, 147, 60, 193, 168, 32, 192, 179, 123, 242, 60, 156, 196, 40, 192, 207, 102, 85, 61, 156, 196, 40, 192, 149, 101, 136, 61, 156, 196, 40, 192, 207, 102, 85, 61, 156, 196, 40, 192, 243, 31, 82, 61, 193, 168, 32, 192, 220, 215, 1, 61, 193, 168, 32, 192, 179, 123, 242, 60, 156, 196, 40, 192, 143, 194, 117, 60, 156, 196, 40, 192, 179, 123, 242, 60, 156, 196, 40, 192, 149, 101, 136, 61, 156, 196, 40, 192, 149, 101, 136, 61, 156, 196, 40, 192, 179, 123, 242, 60, 156, 196, 40, 192, 179, 123, 242, 60, 156, 196, 40, 192, 143, 194, 117, 60, 156, 196, 40, 192),
"bone_aabbs": [AABB(0, 0, 0, -1, -1, -1), AABB(0, 0, 0, -1, -1, -1), AABB(-0.0241097, 0.943415, 0.0991803, 0.0497262, 3.42727e-05, 0.00468874), AABB(-0.0241097, 0.943415, 0.0929352, 0.0497262, 0.101773, 0.0109238), AABB(-0.0241097, 0.943415, 0.0405479, 0.0497262, 0.197551, 0.0633111), AABB(-0.0328421, 1.00292, 0.0298856, 0.0703459, 0.159861, 0.0717177), AABB(-0.0328421, 1.13118, 0.0298856, 0.0703459, 0.031606, 0.0299084), AABB(0.0295104, 1.16205, 0.032804, 1.00005e-05, 1.00136e-05, 9.99868e-06)],
"format": 34359745559,
"index_count": 258,
"index_data": PackedByteArray(0, 0, 2, 0, 1, 0, 2, 0, 0, 0, 1, 0, 3, 0, 5, 0, 4, 0, 6, 0, 3, 0, 4, 0, 7, 0, 9, 0, 8, 0, 10, 0, 12, 0, 11, 0, 11, 0, 13, 0, 10, 0, 13, 0, 14, 0, 10, 0, 8, 0, 14, 0, 13, 0, 15, 0, 8, 0, 13, 0, 7, 0, 8, 0, 15, 0, 16, 0, 7, 0, 15, 0, 9, 0, 7, 0, 16, 0, 16, 0, 17, 0, 9, 0, 17, 0, 8, 0, 9, 0, 18, 0, 8, 0, 17, 0, 18, 0, 14, 0, 8, 0, 19, 0, 14, 0, 18, 0, 19, 0, 10, 0, 14, 0, 20, 0, 10, 0, 19, 0, 10, 0, 20, 0, 21, 0, 20, 0, 22, 0, 21, 0, 21, 0, 22, 0, 23, 0, 16, 0, 18, 0, 17, 0, 24, 0, 26, 0, 25, 0, 26, 0, 24, 0, 25, 0, 27, 0, 29, 0, 28, 0, 29, 0, 30, 0, 28, 0, 31, 0, 19, 0, 18, 0, 32, 0, 34, 0, 33, 0, 35, 0, 36, 0, 22, 0, 37, 0, 35, 0, 22, 0, 22, 0, 33, 0, 37, 0, 22, 0, 20, 0, 33, 0, 32, 0, 33, 0, 20, 0, 19, 0, 32, 0, 20, 0, 34, 0, 32, 0, 19, 0, 34, 0, 19, 0, 31, 0, 33, 0, 34, 0, 31, 0, 33, 0, 31, 0, 18, 0, 37, 0, 33, 0, 18, 0, 37, 0, 18, 0, 16, 0, 37, 0, 16, 0, 35, 0, 16, 0, 15, 0, 35, 0, 38, 0, 35, 0, 15, 0, 13, 0, 38, 0, 15, 0, 11, 0, 38, 0, 13, 0, 11, 0, 39, 0, 38, 0, 23, 0, 22, 0, 36, 0, 10, 0, 21, 0, 12, 0, 12, 0, 21, 0, 40, 0, 21, 0, 23, 0, 40, 0, 40, 0, 23, 0, 41, 0, 23, 0, 36, 0, 41, 0, 42, 0, 41, 0, 36, 0, 39, 0, 43, 0, 38, 0, 44, 0, 45, 0, 39, 0, 45, 0, 46, 0, 39, 0, 46, 0, 43, 0, 39, 0, 43, 0, 46, 0, 42, 0, 43, 0, 42, 0, 38, 0, 42, 0, 36, 0, 38, 0, 38, 0, 36, 0, 35, 0, 47, 0, 39, 0, 11, 0, 47, 0, 44, 0, 39, 0, 48, 0, 44, 0, 47, 0, 48, 0, 49, 0, 44, 0, 49, 0, 45, 0, 44, 0, 49, 0, 50, 0, 45, 0, 50, 0, 46, 0, 45, 0, 50, 0, 51, 0, 46, 0, 51, 0, 52, 0, 46, 0, 46, 0, 52, 0, 53, 0, 46, 0, 53, 0, 42, 0, 53, 0, 54, 0, 42, 0, 54, 0, 41, 0, 42, 0, 54, 0, 48, 0, 41, 0, 40, 0, 41, 0, 48, 0, 47, 0, 40, 0, 48, 0, 12, 0, 40, 0, 47, 0, 11, 0, 12, 0, 47, 0, 52, 0, 55, 0, 53, 0, 53, 0, 55, 0, 54, 0, 55, 0, 48, 0, 54, 0, 55, 0, 56, 0, 48, 0, 56, 0, 49, 0, 48, 0),
"lods": [0.0031841, PackedByteArray(7, 0, 2, 0, 8, 0, 2, 0, 7, 0, 16, 0, 3, 0, 8, 0, 2, 0, 16, 0, 3, 0, 2, 0, 7, 0, 8, 0, 15, 0, 16, 0, 7, 0, 15, 0, 18, 0, 8, 0, 3, 0, 16, 0, 18, 0, 3, 0, 15, 0, 8, 0, 13, 0, 16, 0, 15, 0, 35, 0, 8, 0, 14, 0, 13, 0, 18, 0, 14, 0, 8, 0, 13, 0, 38, 0, 15, 0, 38, 0, 35, 0, 15, 0, 13, 0, 14, 0, 10, 0, 37, 0, 18, 0, 16, 0, 37, 0, 16, 0, 35, 0, 19, 0, 14, 0, 18, 0, 19, 0, 10, 0, 14, 0, 37, 0, 33, 0, 18, 0, 28, 0, 19, 0, 18, 0, 33, 0, 28, 0, 18, 0, 24, 0, 19, 0, 28, 0, 33, 0, 24, 0, 28, 0, 24, 0, 32, 0, 19, 0, 32, 0, 24, 0, 33, 0, 19, 0, 32, 0, 20, 0, 32, 0, 33, 0, 20, 0, 20, 0, 10, 0, 19, 0, 22, 0, 33, 0, 37, 0, 22, 0, 20, 0, 33, 0, 37, 0, 35, 0, 22, 0, 10, 0, 20, 0, 21, 0, 20, 0, 22, 0, 21, 0, 10, 0, 21, 0, 12, 0, 21, 0, 22, 0, 40, 0, 12, 0, 21, 0, 40, 0, 22, 0, 35, 0, 41, 0, 40, 0, 22, 0, 41, 0, 42, 0, 41, 0, 35, 0, 10, 0, 12, 0, 11, 0, 11, 0, 13, 0, 10, 0, 12, 0, 40, 0, 47, 0, 11, 0, 12, 0, 47, 0, 11, 0, 38, 0, 13, 0, 42, 0, 35, 0, 38, 0, 47, 0, 39, 0, 11, 0, 11, 0, 39, 0, 38, 0, 49, 0, 39, 0, 47, 0, 47, 0, 40, 0, 48, 0, 48, 0, 49, 0, 47, 0, 40, 0, 41, 0, 48, 0, 56, 0, 49, 0, 48, 0, 55, 0, 56, 0, 48, 0, 55, 0, 48, 0, 41, 0, 42, 0, 55, 0, 41, 0, 49, 0, 50, 0, 39, 0, 52, 0, 55, 0, 42, 0, 50, 0, 43, 0, 39, 0, 43, 0, 52, 0, 42, 0, 39, 0, 43, 0, 38, 0, 43, 0, 42, 0, 38, 0, 51, 0, 52, 0, 43, 0, 50, 0, 51, 0, 43, 0), 0.0152408, PackedByteArray(15, 0, 8, 0, 14, 0, 2, 0, 8, 0, 15, 0, 18, 0, 8, 0, 2, 0, 18, 0, 14, 0, 8, 0, 35, 0, 2, 0, 15, 0, 35, 0, 18, 0, 2, 0, 52, 0, 35, 0, 15, 0, 51, 0, 52, 0, 15, 0, 52, 0, 55, 0, 35, 0, 39, 0, 51, 0, 15, 0, 14, 0, 39, 0, 15, 0, 50, 0, 51, 0, 39, 0, 49, 0, 50, 0, 39, 0, 49, 0, 39, 0, 14, 0, 22, 0, 35, 0, 55, 0, 14, 0, 40, 0, 49, 0, 40, 0, 22, 0, 55, 0, 56, 0, 49, 0, 40, 0, 55, 0, 56, 0, 40, 0, 20, 0, 22, 0, 40, 0, 14, 0, 20, 0, 40, 0, 22, 0, 33, 0, 35, 0, 22, 0, 20, 0, 33, 0, 35, 0, 33, 0, 18, 0, 32, 0, 33, 0, 20, 0, 33, 0, 24, 0, 18, 0, 32, 0, 24, 0, 33, 0, 19, 0, 14, 0, 18, 0, 20, 0, 14, 0, 19, 0, 24, 0, 19, 0, 18, 0, 19, 0, 32, 0, 20, 0, 24, 0, 32, 0, 19, 0), 0.0247747, PackedByteArray(35, 0, 2, 0, 14, 0, 18, 0, 14, 0, 2, 0, 35, 0, 18, 0, 2, 0, 24, 0, 14, 0, 18, 0, 35, 0, 24, 0, 18, 0, 14, 0, 24, 0, 20, 0, 20, 0, 24, 0, 35, 0, 14, 0, 20, 0, 49, 0, 56, 0, 49, 0, 20, 0, 49, 0, 50, 0, 14, 0, 14, 0, 50, 0, 35, 0, 55, 0, 56, 0, 20, 0, 20, 0, 35, 0, 55, 0, 50, 0, 51, 0, 35, 0, 52, 0, 55, 0, 35, 0, 51, 0, 52, 0, 35, 0), 0.0519015, PackedByteArray(50, 0, 58, 0, 60, 0, 49, 0, 50, 0, 60, 0, 59, 0, 52, 0, 55, 0, 61, 0, 62, 0, 57, 0)],
"material": SubResource("StandardMaterial3D_1b8ye"),
"name": "tiesandties",
"primitive": 3,
"skin_data": PackedByteArray(5, 0, 6, 0, 6, 0, 6, 0, 48, 177, 206, 78, 0, 0, 0, 0, 5, 0, 6, 0, 6, 0, 6, 0, 158, 210, 96, 45, 0, 0, 0, 0, 5, 0, 6, 0, 4, 0, 6, 0, 181, 211, 124, 31, 204, 12, 0, 0, 5, 0, 6, 0, 6, 0, 6, 0, 1, 203, 253, 52, 0, 0, 0, 0, 5, 0, 6, 0, 6, 0, 6, 0, 48, 177, 206, 78, 0, 0, 0, 0, 5, 0, 6, 0, 4, 0, 6, 0, 181, 211, 124, 31, 204, 12, 0, 0, 5, 0, 6, 0, 4, 0, 6, 0, 181, 211, 124, 31, 204, 12, 0, 0, 5, 0, 4, 0, 6, 0, 6, 0, 209, 225, 45, 30, 0, 0, 0, 0, 5, 0, 6, 0, 4, 0, 6, 0, 193, 213, 141, 23, 176, 18, 0, 0, 5, 0, 6, 0, 4, 0, 6, 0, 181, 211, 124, 31, 204, 12, 0, 0, 5, 0, 4, 0, 6, 0, 6, 0, 117, 222, 137, 33, 0, 0, 0, 0, 5, 0, 4, 0, 6, 0, 6, 0, 105, 183, 149, 72, 0, 0, 0, 0, 5, 0, 4, 0, 6, 0, 6, 0, 163, 184, 91, 71, 0, 0, 0, 0, 5, 0, 4, 0, 6, 0, 6, 0, 105, 220, 149, 35, 0, 0, 0, 0, 5, 0, 6, 0, 4, 0, 6, 0, 254, 214, 16, 23, 240, 17, 0, 0, 5, 0, 4, 0, 6, 0, 6, 0, 105, 220, 149, 35, 0, 0, 0, 0, 5, 0, 4, 0, 6, 0, 6, 0, 209, 225, 45, 30, 0, 0, 0, 0, 5, 0, 6, 0, 6, 0, 6, 0, 1, 203, 253, 52, 0, 0, 0, 0, 5, 0, 6, 0, 6, 0, 6, 0, 66, 203, 188, 52, 0, 0, 0, 0, 5, 0, 6, 0, 4, 0, 6, 0, 130, 215, 147, 23, 233, 16, 0, 0, 5, 0, 4, 0, 6, 0, 6, 0, 183, 222, 71, 33, 0, 0, 0, 0, 5, 0, 4, 0, 6, 0, 6, 0, 234, 209, 20, 46, 0, 0, 0, 0, 5, 0, 4, 0, 6, 0, 6, 0, 117, 222, 137, 33, 0, 0, 0, 0, 5, 0, 4, 0, 6, 0, 6, 0, 169, 209, 85, 46, 0, 0, 0, 0, 5, 0, 6, 0, 6, 0, 6, 0, 170, 235, 84, 20, 0, 0, 0, 0, 5, 0, 6, 0, 7, 0, 6, 0, 58, 191, 116, 51, 79, 13, 0, 0, 5, 0, 6, 0, 6, 0, 6, 0, 57, 227, 197, 28, 0, 0, 0, 0, 5, 0, 6, 0, 6, 0, 6, 0, 170, 235, 84, 20, 0, 0, 0, 0, 5, 0, 6, 0, 6, 0, 6, 0, 66, 203, 188, 52, 0, 0, 0, 0, 5, 0, 6, 0, 7, 0, 6, 0, 58, 191, 116, 51, 79, 13, 0, 0, 5, 0, 6, 0, 6, 0, 6, 0, 170, 235, 84, 20, 0, 0, 0, 0, 5, 0, 6, 0, 6, 0, 6, 0, 66, 203, 188, 52, 0, 0, 0, 0, 5, 0, 4, 0, 6, 0, 6, 0, 48, 228, 207, 27, 0, 0, 0, 0, 5, 0, 4, 0, 6, 0, 6, 0, 40, 228, 214, 27, 0, 0, 0, 0, 5, 0, 6, 0, 6, 0, 6, 0, 170, 235, 84, 20, 0, 0, 0, 0, 5, 0, 4, 0, 6, 0, 6, 0, 40, 220, 214, 35, 0, 0, 0, 0, 5, 0, 4, 0, 6, 0, 6, 0, 97, 208, 157, 47, 0, 0, 0, 0, 5, 0, 4, 0, 6, 0, 6, 0, 218, 217, 63, 21, 229, 16, 0, 0, 5, 0, 4, 0, 6, 0, 6, 0, 97, 208, 157, 47, 0, 0, 0, 0, 4, 0, 5, 0, 3, 0, 6, 0, 58, 155, 183, 84, 12, 16, 0, 0, 4, 0, 5, 0, 6, 0, 6, 0, 200, 162, 54, 93, 0, 0, 0, 0, 4, 0, 5, 0, 3, 0, 6, 0, 58, 155, 183, 84, 12, 16, 0, 0, 4, 0, 5, 0, 3, 0, 6, 0, 17, 155, 161, 84, 75, 16, 0, 0, 4, 0, 5, 0, 6, 0, 6, 0, 200, 162, 54, 93, 0, 0, 0, 0, 4, 0, 3, 0, 5, 0, 6, 0, 29, 148, 168, 57, 57, 50, 0, 0, 4, 0, 3, 0, 5, 0, 6, 0, 56, 148, 87, 57, 110, 50, 0, 0, 4, 0, 3, 0, 5, 0, 6, 0, 56, 148, 218, 57, 235, 49, 0, 0, 4, 0, 5, 0, 3, 0, 6, 0, 58, 155, 183, 84, 12, 16, 0, 0, 4, 0, 3, 0, 5, 0, 6, 0, 29, 148, 43, 58, 182, 49, 0, 0, 3, 0, 4, 0, 2, 0, 6, 0, 202, 129, 95, 101, 212, 24, 0, 0, 3, 0, 4, 0, 2, 0, 6, 0, 185, 137, 63, 85, 6, 33, 0, 0, 3, 0, 4, 0, 2, 0, 6, 0, 103, 129, 200, 101, 206, 24, 0, 0, 3, 0, 4, 0, 2, 0, 6, 0, 185, 137, 63, 85, 6, 33, 0, 0, 4, 0, 3, 0, 5, 0, 6, 0, 56, 148, 87, 57, 110, 50, 0, 0, 4, 0, 3, 0, 5, 0, 6, 0, 18, 148, 138, 57, 97, 50, 0, 0, 3, 0, 4, 0, 2, 0, 6, 0, 202, 129, 95, 101, 212, 24, 0, 0, 3, 0, 4, 0, 2, 0, 6, 0, 249, 126, 192, 106, 69, 22, 0, 0, 3, 0, 4, 0, 2, 0, 6, 0, 202, 129, 95, 101, 212, 24, 0, 0, 3, 0, 4, 0, 2, 0, 6, 0, 103, 129, 200, 101, 206, 24, 0, 0, 3, 0, 4, 0, 2, 0, 6, 0, 103, 129, 200, 101, 206, 24, 0, 0, 3, 0, 4, 0, 2, 0, 6, 0, 202, 129, 95, 101, 212, 24, 0, 0, 3, 0, 4, 0, 2, 0, 6, 0, 202, 129, 95, 101, 212, 24, 0, 0, 3, 0, 4, 0, 2, 0, 6, 0, 249, 126, 192, 106, 69, 22, 0, 0),
"uv_scale": Vector4(0, 0, 0, 0),
"vertex_count": 63,
"vertex_data": PackedByteArray(100, 65, 223, 188, 178, 213, 148, 63, 159, 210, 244, 60, 119, 133, 6, 189, 140, 35, 147, 63, 3, 183, 1, 61, 188, 109, 133, 188, 216, 10, 146, 63, 134, 21, 38, 61, 141, 147, 62, 188, 40, 197, 147, 63, 179, 209, 43, 61, 100, 65, 223, 188, 178, 213, 148, 63, 159, 210, 244, 60, 188, 109, 133, 188, 216, 10, 146, 63, 134, 21, 38, 61, 188, 109, 133, 188, 216, 10, 146, 63, 134, 21, 38, 61, 243, 153, 67, 188, 10, 2, 145, 63, 141, 9, 63, 61, 132, 73, 18, 188, 60, 246, 145, 63, 218, 22, 97, 61, 188, 109, 133, 188, 216, 10, 146, 63, 134, 21, 38, 61, 159, 163, 142, 59, 144, 149, 143, 63, 30, 236, 138, 61, 171, 159, 151, 187, 15, 215, 139, 63, 88, 197, 169, 61, 125, 192, 202, 59, 48, 215, 139, 63, 80, 217, 169, 61, 101, 202, 37, 187, 222, 205, 143, 63, 88, 37, 138, 61, 229, 203, 52, 58, 2, 180, 145, 63, 147, 234, 116, 61, 129, 38, 180, 187, 56, 120, 143, 63, 250, 164, 115, 61, 130, 73, 18, 188, 40, 213, 144, 63, 188, 223, 68, 61, 141, 147, 62, 188, 40, 197, 147, 63, 179, 209, 43, 61, 66, 212, 25, 58, 35, 222, 147, 63, 99, 100, 73, 61, 215, 192, 47, 60, 221, 246, 145, 63, 208, 76, 97, 61, 3, 165, 239, 59, 247, 119, 143, 63, 21, 129, 115, 61, 22, 175, 78, 60, 106, 122, 139, 63, 52, 136, 154, 61, 159, 163, 142, 59, 232, 120, 143, 63, 247, 204, 115, 61, 166, 192, 202, 59, 74, 125, 139, 63, 29, 198, 154, 61, 66, 149, 148, 60, 151, 3, 146, 63, 79, 27, 39, 61, 220, 191, 241, 60, 47, 190, 148, 63, 135, 93, 6, 61, 152, 157, 25, 61, 125, 91, 147, 63, 111, 227, 6, 61, 66, 149, 148, 60, 151, 3, 146, 63, 79, 27, 39, 61, 134, 192, 48, 60, 203, 192, 147, 63, 90, 105, 51, 61, 220, 191, 241, 60, 47, 190, 148, 63, 135, 93, 6, 61, 66, 149, 148, 60, 151, 3, 146, 63, 79, 27, 39, 61, 134, 192, 48, 60, 203, 192, 147, 63, 90, 105, 51, 61, 105, 177, 96, 60, 203, 203, 144, 63, 44, 134, 67, 61, 218, 192, 47, 60, 187, 213, 144, 63, 187, 21, 69, 61, 66, 149, 148, 60, 151, 3, 146, 63, 79, 27, 39, 61, 101, 202, 37, 187, 104, 121, 143, 63, 239, 202, 115, 61, 130, 159, 151, 187, 44, 125, 139, 63, 37, 178, 154, 61, 242, 203, 52, 58, 92, 202, 144, 63, 164, 79, 69, 61, 28, 149, 57, 188, 61, 122, 139, 63, 62, 88, 154, 61, 107, 156, 212, 187, 75, 200, 133, 63, 212, 248, 202, 61, 20, 183, 142, 60, 13, 146, 133, 63, 182, 144, 190, 61, 92, 177, 250, 59, 235, 148, 133, 63, 187, 143, 190, 61, 107, 156, 212, 187, 108, 148, 133, 63, 213, 84, 190, 61, 104, 188, 137, 188, 141, 145, 133, 63, 213, 30, 190, 61, 111, 142, 29, 60, 126, 97, 128, 63, 123, 179, 207, 61, 106, 23, 0, 188, 111, 97, 128, 63, 98, 21, 208, 61, 245, 210, 167, 188, 237, 98, 128, 63, 128, 10, 195, 61, 92, 177, 250, 59, 189, 200, 133, 63, 190, 51, 203, 61, 66, 220, 176, 60, 254, 98, 128, 63, 158, 147, 194, 61, 110, 43, 64, 60, 168, 131, 113, 63, 8, 180, 212, 61, 252, 186, 39, 188, 195, 131, 113, 63, 6, 180, 212, 61, 160, 129, 197, 188, 231, 133, 113, 63, 10, 31, 203, 61, 250, 186, 39, 188, 225, 133, 113, 63, 243, 115, 203, 61, 105, 23, 0, 188, 176, 95, 128, 63, 99, 101, 195, 61, 111, 142, 29, 60, 175, 95, 128, 63, 125, 3, 195, 61, 111, 43, 64, 60, 231, 133, 113, 63, 239, 115, 203, 61, 207, 217, 209, 60, 229, 133, 113, 63, 6, 31, 203, 61, 110, 43, 64, 60, 168, 131, 113, 63, 8, 180, 212, 61, 160, 129, 197, 188, 231, 133, 113, 63, 10, 31, 203, 61, 160, 129, 197, 188, 231, 133, 113, 63, 10, 31, 203, 61, 111, 43, 64, 60, 231, 133, 113, 63, 239, 115, 203, 61, 111, 43, 64, 60, 231, 133, 113, 63, 239, 115, 203, 61, 207, 217, 209, 60, 229, 133, 113, 63, 6, 31, 203, 61, 101, 230, 153, 153, 176, 199, 245, 120, 254, 255, 255, 127, 168, 86, 254, 127, 30, 10, 42, 56, 237, 85, 118, 84, 255, 58, 31, 228, 167, 45, 217, 101, 103, 230, 153, 153, 30, 200, 4, 121, 29, 10, 42, 56, 167, 106, 121, 101, 29, 10, 41, 56, 166, 106, 120, 101, 38, 48, 188, 51, 247, 58, 4, 19, 235, 73, 222, 149, 109, 25, 197, 155, 31, 10, 41, 56, 178, 154, 85, 139, 179, 169, 21, 157, 70, 60, 22, 203, 220, 94, 93, 157, 101, 12, 57, 168, 152, 160, 141, 158, 91, 47, 113, 198, 187, 89, 200, 157, 42, 9, 167, 165, 212, 127, 158, 175, 147, 2, 45, 194, 139, 35, 5, 61, 17, 244, 5, 150, 58, 211, 2, 10, 75, 15, 117, 45, 254, 58, 31, 228, 142, 44, 178, 97, 92, 136, 177, 255, 54, 0, 26, 63, 157, 180, 90, 151, 137, 71, 24, 205, 175, 218, 32, 60, 44, 164, 89, 187, 58, 247, 176, 81, 50, 15, 174, 109, 235, 54, 209, 0, 153, 16, 244, 49, 69, 39, 221, 0, 180, 1, 149, 63, 19, 254, 186, 60, 220, 37, 18, 23, 0, 192, 253, 191, 65, 72, 223, 219, 254, 127, 171, 170, 218, 20, 164, 207, 19, 254, 186, 60, 254, 67, 8, 15, 66, 191, 134, 232, 219, 68, 64, 44, 255, 191, 255, 191, 251, 78, 129, 216, 19, 254, 186, 60, 253, 67, 8, 15, 65, 191, 134, 232, 65, 63, 176, 44, 156, 206, 0, 52, 240, 159, 27, 186, 126, 40, 45, 15, 222, 31, 191, 67, 19, 254, 187, 60, 203, 73, 123, 13, 221, 200, 126, 0, 6, 28, 37, 72, 7, 217, 142, 1, 219, 0, 89, 65, 188, 217, 55, 0, 207, 0, 100, 64, 10, 11, 9, 82, 30, 94, 96, 53, 245, 102, 39, 147, 179, 6, 72, 175, 242, 254, 49, 151, 241, 143, 118, 209, 215, 233, 62, 0, 103, 0, 155, 63, 172, 233, 247, 0, 131, 0, 200, 64, 201, 5, 104, 155, 207, 108, 86, 77, 236, 152, 171, 133, 63, 26, 230, 191, 14, 105, 183, 133, 43, 0, 20, 204, 29, 0, 20, 153, 149, 103, 135, 62, 125, 152, 7, 146, 117, 32, 55, 195, 74, 255, 2, 155, 226, 153, 83, 193, 130, 146, 127, 134, 160, 19, 237, 191, 149, 109, 53, 134, 35, 0, 188, 201, 199, 5, 203, 146, 165, 116, 65, 83, 14, 248, 185, 0, 17, 0, 147, 63, 69, 248, 55, 0, 126, 0, 158, 63, 130, 7, 141, 1, 54, 2, 68, 64, 46, 8, 221, 0, 255, 0, 8, 64, 132, 249, 47, 147, 108, 137, 139, 204, 71, 179, 21, 134, 160, 19, 237, 191, 100, 74, 78, 134, 165, 116, 65, 83, 208, 7, 189, 1, 165, 116, 65, 83, 185, 126, 26, 137, 255, 0, 8, 64, 123, 188, 64, 133, 255, 0, 8, 64, 46, 196, 237, 133, 108, 137, 139, 204)
}]
blend_shape_mode = 0

[sub_resource type="Skin" id="Skin_nx4r1"]
resource_name = "Skin"
bind_count = 80
bind/0/name = &"_rootJoint"
bind/0/bone = -1
bind/0/pose = Transform3D(1, 0, 0, 0, 1, 0, 0, 0, 1, 0, 0, 0)
bind/1/name = &"ValveBiped.Bip01_Pelvis_01"
bind/1/bone = -1
bind/1/pose = Transform3D(1, 0, 0, 0, 1, -2.9333e-07, 0, 2.9333e-07, 1, 0, -0.7347, -0.0101655)
bind/2/name = &"ValveBiped.Bip01_Spine_02"
bind/2/bone = -1
bind/2/pose = Transform3D(3.56464e-07, 0.996542, -0.0830959, -3.44098e-07, 0.0830959, 0.996542, 1, -3.26638e-07, 3.72529e-07, -0.799539, -0.0198673, 2.7817e-07)
bind/3/name = &"ValveBiped.Bip01_Spine1_03"
bind/3/bone = -1
bind/3/pose = Transform3D(3.89478e-07, 0.993734, -0.111775, -3.38057e-07, 0.111775, 0.993733, 1, -3.49251e-07, 3.79472e-07, -0.874724, -0.0450895, 3.1059e-07)
bind/4/name = &"ValveBiped.Bip01_Spine2_04"
bind/4/bone = -1
bind/4/pose = Transform3D(4.24825e-07, 0.999892, -0.0147023, -3.56369e-07, 0.0147023, 0.999892, 1, -4.1954e-07, 3.62577e-07, -0.941711, 0.0466209, 3.88078e-07)
bind/5/name = &"ValveBiped.Bip01_Spine4_05"
bind/5/bone = -1
bind/5/pose = Transform3D(2.09389e-07, 0.985294, 0.170866, -3.81986e-07, -0.170866, 0.985294, 1, -2.71579e-07, 3.40591e-07, -1.08377, 0.251842, 2.65418e-07)
bind/6/name = &"ValveBiped.Bip01_Neck1_06"
bind/6/bone = -1
bind/6/pose = Transform3D(2.82503e-07, 0.837656, 0.546198, 3.16537e-06, 0.546198, -0.837656, -1, 1.96556e-06, -2.49719e-06, -0.953992, -0.68437, -2.37162e-06)
bind/7/name = &"ValveBiped.Bip01_Head1_07"
bind/7/bone = -1
bind/7/pose = Transform3D(4.15171e-07, 0.985109, 0.171931, 2.93127e-06, 0.171931, -0.985109, -1, 9.12965e-07, -2.81625e-06, -1.20954, -0.226042, -1.10444e-06)
bind/8/name = &"ValveBiped.forward_08"
bind/8/bone = -1
bind/8/pose = Transform3D(100, 0, 0, 0, 100, 0, 0, 0, 100, 0, 0, 0)
bind/9/name = &"ValveBiped.forward_end_060"
bind/9/bone = -1
bind/9/pose = Transform3D(100, 0, 0, 0, 100, 0, 0, 0, 100, 0, 0, 0)
bind/10/name = &"ValveBiped.Bip01_R_Clavicle_09"
bind/10/bone = -1
bind/10/pose = Transform3D(-0.959863, -0.280413, 0.00553441, -0.279312, 0.957514, 0.0717666, -0.0254235, 0.0673403, -0.997406, 0.286225, -1.10522, -0.115935)
bind/11/name = &"ValveBiped.Bip01_R_UpperArm_010"
bind/11/bone = -1
bind/11/pose = Transform3D(-0.644904, -0.762818, -0.0469787, 0.0303307, 0.0358755, -0.998896, 0.763662, -0.645617, 5.82775e-07, 0.753239, -0.072731, 0.831666)
bind/12/name = &"ValveBiped.Bip01_R_Forearm_011"
bind/12/bone = -1
bind/12/pose = Transform3D(-0.645559, -0.763593, 0.013377, -0.00863596, -0.0102159, -0.999911, 0.763662, -0.645617, 5.81963e-07, 0.533917, -0.04059, 0.831666)
bind/13/name = &"ValveBiped.Bip01_R_Hand_012"
bind/13/bone = -1
bind/13/pose = Transform3D(-0.674516, -0.737913, -0.0226268, -0.737915, 0.674821, -0.00992466, 0.0225926, 0.0100023, -0.999695, 0.28111, -0.843686, -0.0428038)
bind/14/name = &"ValveBiped.Anim_Attachment_RH_013"
bind/14/bone = -1
bind/14/pose = Transform3D(100, 0, 0, 0, 100, 0, 0, 0, 100, 0, 0, 0)
bind/15/name = &"ValveBiped.Anim_Attachment_RH_end_061"
bind/15/bone = -1
bind/15/pose = Transform3D(100, 0, 0, 0, 100, 0, 0, 0, 100, 0, 0, 0)
bind/16/name = &"ValveBiped.Bip01_R_Finger4_014"
bind/16/bone = -1
bind/16/pose = Transform3D(0.139859, -0.976405, -0.164538, -0.878431, -0.0456658, -0.475682, 0.456944, 0.211064, -0.864091, 0.760085, -0.420903, 0.00693058)
bind/17/name = &"ValveBiped.Bip01_R_Finger41_015"
bind/17/bone = -1
bind/17/pose = Transform3D(0.50587, -0.861524, 0.0432673, -0.735355, -0.456922, -0.500475, 0.450941, 0.221359, -0.864669, 0.844345, -0.0679899, -0.00314361)
bind/18/name = &"ValveBiped.Bip01_R_Finger42_016"
bind/18/bone = -1
bind/18/pose = Transform3D(0.671451, -0.724071, 0.157715, -0.591182, -0.651715, -0.475155, 0.446831, 0.225805, -0.865652, 0.822206, 0.134872, -0.0081874)
bind/19/name = &"ValveBiped.Bip01_R_Finger42_end_062"
bind/19/bone = -1
bind/19/pose = Transform3D(100, 0, 0, 0, 100, 0, 0, 0, 100, 0, 0, 0)
bind/20/name = &"ValveBiped.Bip01_R_Finger3_017"
bind/20/bone = -1
bind/20/pose = Transform3D(0.0711612, -0.993612, -0.0875792, -0.982738, -0.0548078, -0.176699, 0.17077, 0.0986415, -0.980361, 0.747487, -0.444896, -0.0424058)
bind/21/name = &"ValveBiped.Bip01_R_Finger31_018"
bind/21/bone = -1
bind/21/pose = Transform3D(0.310993, -0.949234, -0.0473088, -0.935275, -0.296812, -0.192781, 0.168952, 0.1042, -0.980101, 0.805081, -0.255183, -0.0471197)
bind/22/name = &"ValveBiped.Bip01_R_Finger32_019"
bind/22/bone = -1
bind/22/pose = Transform3D(0.674719, -0.737542, 0.0280384, -0.719977, -0.666061, -0.194925, 0.16244, 0.111332, -0.980417, 0.816889, 0.0947825, -0.0550157)
bind/23/name = &"ValveBiped.Bip01_R_Finger32_end_063"
bind/23/bone = -1
bind/23/pose = Transform3D(100, 0, 0, 0, 100, 0, 0, 0, 100, 0, 0, 0)
bind/24/name = &"ValveBiped.Bip01_R_Finger2_020"
bind/24/bone = -1
bind/24/pose = Transform3D(-0.218044, -0.974634, -0.0504456, -0.974379, 0.214483, 0.0677008, -0.0551638, 0.0639149, -0.99643, 0.59917, -0.625508, -0.111832)
bind/25/name = &"ValveBiped.Bip01_R_Finger21_021"
bind/25/bone = -1
bind/25/pose = Transform3D(0.145128, -0.986261, -0.078908, -0.987812, -0.148967, 0.0451313, -0.056266, 0.0713965, -0.99586, 0.752054, -0.381034, -0.117539)
bind/26/name = &"ValveBiped.Bip01_R_Finger22_022"
bind/26/bone = -1
bind/26/pose = Transform3D(0.353581, -0.930969, -0.0909804, -0.933619, -0.357239, 0.0271377, -0.0577661, 0.0753456, -0.995483, 0.79332, -0.215632, -0.120905)
bind/27/name = &"ValveBiped.Bip01_R_Finger22_end_064"
bind/27/bone = -1
bind/27/pose = Transform3D(100, 0, 0, 0, 100, 0, 0, 0, 100, 0, 0, 0)
bind/28/name = &"ValveBiped.Bip01_R_Finger1_023"
bind/28/bone = -1
bind/28/pose = Transform3D(-0.273434, -0.961796, 0.0134639, -0.907687, 0.262633, 0.327304, -0.318336, 0.0772752, -0.944823, 0.564256, -0.622149, -0.23045)
bind/29/name = &"ValveBiped.Bip01_R_Finger11_024"
bind/29/bone = -1
bind/29/pose = Transform3D(0.064176, -0.991754, -0.110925, -0.945633, -0.0959492, 0.310761, -0.318842, 0.0849506, -0.943993, 0.715956, -0.392916, -0.235996)
bind/30/name = &"ValveBiped.Bip01_R_Finger12_025"
bind/30/bone = -1
bind/30/pose = Transform3D(0.289418, -0.93867, -0.187447, -0.902032, -0.332979, 0.274706, -0.320274, 0.0895779, -0.94308, 0.768234, -0.213145, -0.239787)
bind/31/name = &"ValveBiped.Bip01_R_Finger12_end_065"
bind/31/bone = -1
bind/31/pose = Transform3D(100, 0, 0, 0, 100, 0, 0, 0, 100, 0, 0, 0)
bind/32/name = &"ValveBiped.Bip01_R_Finger0_026"
bind/32/bone = -1
bind/32/pose = Transform3D(-0.0261389, -0.793372, 0.608176, -0.309267, -0.572119, -0.759627, 0.950616, -0.207944, -0.230409, 0.604665, 0.28441, 0.570913)
bind/33/name = &"ValveBiped.Bip01_R_Finger01_027"
bind/33/bone = -1
bind/33/pose = Transform3D(-0.0986647, -0.901702, 0.420949, -0.295295, -0.37743, -0.877695, 0.950298, -0.210902, -0.229029, 0.618305, 0.147702, 0.572944)
bind/34/name = &"ValveBiped.Bip01_R_Finger02_00"
bind/34/bone = -1
bind/34/pose = Transform3D(-0.201845, -0.975892, 0.0830194, -0.241019, -0.0326654, -0.969971, 0.949299, -0.215793, -0.228615, 0.606087, -0.073302, 0.575987)
bind/35/name = &"ValveBiped.Bip01_R_Finger02_end_066"
bind/35/bone = -1
bind/35/pose = Transform3D(100, 0, 0, 0, 100, 0, 0, 0, 100, 0, 0, 0)
bind/36/name = &"ValveBiped.Bip01_R_Wrist_028"
bind/36/bone = -1
bind/36/pose = Transform3D(-0.645559, -0.763593, 0.0133762, -0.00852077, -0.0103122, -0.999911, 0.763663, -0.645615, 0.000150754, 0.31519, -0.0404655, 0.831673)
bind/37/name = &"ValveBiped.Bip01_R_Wrist_end_067"
bind/37/bone = -1
bind/37/pose = Transform3D(100, 0, 0, 0, 100, 0, 0, 0, 100, 0, 0, 0)
bind/38/name = &"ValveBiped.Bip01_R_Ulna_029"
bind/38/bone = -1
bind/38/pose = Transform3D(-0.645559, -0.763593, 0.0133746, -0.00857323, -0.0102658, -0.999911, 0.763662, -0.645616, 8.07525e-05, 0.424554, -0.0405244, 0.83167)
bind/39/name = &"ValveBiped.Bip01_R_Ulna_end_068"
bind/39/bone = -1
bind/39/pose = Transform3D(100, 0, 0, 0, 100, 0, 0, 0, 100, 0, 0, 0)
bind/40/name = &"ValveBiped.Bip01_L_Clavicle_030"
bind/40/bone = -1
bind/40/pose = Transform3D(0.959863, -0.280416, 0.00553496, 0.28042, 0.959877, 6.17049e-07, -0.00531306, 0.00155152, 0.999985, 0.286229, -1.11069, 0.0363175)
bind/41/name = &"ValveBiped.Bip01_L_UpperArm_031"
bind/41/bone = -1
bind/41/pose = Transform3D(0.644903, -0.76282, -0.0469776, -0.0303291, 0.0358753, -0.998896, 0.763663, 0.645615, 4.0999e-07, 0.75324, -0.0727309, -0.831665)
bind/42/name = &"ValveBiped.Bip01_L_Forearm_032"
bind/42/bone = -1
bind/42/pose = Transform3D(0.645557, -0.763594, 0.013375, 0.00863752, -0.010212, -0.999911, 0.763663, 0.645615, 3.15109e-06, 0.533918, -0.0405942, -0.831665)
bind/43/name = &"ValveBiped.Bip01_L_Hand_033"
bind/43/bone = -1
bind/43/pose = Transform3D(0.674519, -0.73791, -0.0226271, 0.738074, 0.674718, -0.00162597, 0.0164667, -0.0156037, 0.999743, 0.281107, -0.843302, 0.0498058)
bind/44/name = &"ValveBiped.Anim_Attachment_LH_034"
bind/44/bone = -1
bind/44/pose = Transform3D(100, 0, 0, 0, 100, 0, 0, 0, 100, 0, 0, 0)
bind/45/name = &"ValveBiped.Anim_Attachment_LH_end_069"
bind/45/bone = -1
bind/45/pose = Transform3D(100, 0, 0, 0, 100, 0, 0, 0, 100, 0, 0, 0)
bind/46/name = &"ValveBiped.Bip01_L_Finger4_035"
bind/46/bone = -1
bind/46/pose = Transform3D(-0.139858, -0.976398, -0.164577, 0.880867, -0.0467762, -0.471047, 0.452232, -0.21085, 0.866619, 0.760077, -0.420949, -0.0046514)
bind/47/name = &"ValveBiped.Bip01_L_Finger41_036"
bind/47/bone = -1
bind/47/pose = Transform3D(-0.505872, -0.861526, 0.0432175, 0.737536, -0.457964, -0.496296, 0.447364, -0.219188, 0.867077, 0.844344, -0.0679961, 0.00350934)
bind/48/name = &"ValveBiped.Bip01_L_Finger42_037"
bind/48/bone = -1
bind/48/pose = Transform3D(-0.671461, -0.724074, 0.157665, 0.593277, -0.65275, -0.471106, 0.444031, -0.22279, 0.867872, 0.822209, 0.134891, 0.00759676)
bind/49/name = &"ValveBiped.Bip01_L_Finger42_end_070"
bind/49/bone = -1
bind/49/pose = Transform3D(100, 0, 0, 0, 100, 0, 0, 0, 100, 0, 0, 0)
bind/50/name = &"ValveBiped.Bip01_L_Finger3_038"
bind/50/bone = -1
bind/50/pose = Transform3D(-0.0711609, -0.993609, -0.0876172, 0.9837, -0.0553647, -0.171085, 0.165141, -0.0983635, 0.981353, 0.747482, -0.444651, 0.044979)
bind/51/name = &"ValveBiped.Bip01_L_Finger31_039"
bind/51/bone = -1
bind/51/pose = Transform3D(-0.310992, -0.949232, -0.0473554, 0.936199, -0.297375, -0.187349, 0.163756, -0.102598, 0.981152, 0.805077, -0.254926, 0.0485701)
bind/52/name = &"ValveBiped.Bip01_L_Finger32_040"
bind/52/bone = -1
bind/52/pose = Transform3D(-0.674721, -0.737542, 0.0279855, 0.720788, -0.666604, -0.190007, 0.158794, -0.10803, 0.981384, 0.816887, 0.0950501, 0.0545847)
bind/53/name = &"ValveBiped.Bip01_L_Finger32_end_071"
bind/53/bone = -1
bind/53/pose = Transform3D(100, 0, 0, 0, 100, 0, 0, 0, 100, 0, 0, 0)
bind/54/name = &"ValveBiped.Bip01_L_Finger2_041"
bind/54/bone = -1
bind/54/pose = Transform3D(0.218043, -0.974634, -0.0504471, 0.973957, 0.214016, 0.0748714, -0.0621758, -0.0654585, 0.995916, 0.59917, -0.624686, 0.116333)
bind/55/name = &"ValveBiped.Bip01_L_Finger21_042"
bind/55/bone = -1
bind/55/pose = Transform3D(-0.145127, -0.986261, -0.0789097, 0.987411, -0.149443, 0.0518224, -0.0629029, -0.0703956, 0.995534, 0.752054, -0.380236, 0.120098)
bind/56/name = &"ValveBiped.Bip01_L_Finger22_043"
bind/56/bone = -1
bind/56/pose = Transform3D(-0.353583, -0.930968, -0.0909818, 0.933219, -0.357728, 0.0336702, -0.0638926, -0.0730007, 0.995283, 0.79332, -0.214831, 0.122319)
bind/57/name = &"ValveBiped.Bip01_L_Finger22_end_072"
bind/57/bone = -1
bind/57/pose = Transform3D(100, 0, 0, 0, 100, 0, 0, 0, 100, 0, 0, 0)
bind/58/name = &"ValveBiped.Bip01_L_Finger1_044"
bind/58/bone = -1
bind/58/pose = Transform3D(0.273432, -0.961797, 0.0134618, 0.905305, 0.262051, 0.334294, -0.325051, -0.0792197, 0.942373, 0.564256, -0.620423, 0.235053)
bind/59/name = &"ValveBiped.Bip01_L_Finger11_045"
bind/59/bone = -1
bind/59/pose = Transform3D(-0.0641777, -0.991754, -0.110927, 0.943402, -0.0965375, 0.317291, -0.325383, -0.0842858, 0.941819, 0.715955, -0.39127, 0.238713)
bind/60/name = &"ValveBiped.Bip01_L_Finger12_046"
bind/60/bone = -1
bind/60/pose = Transform3D(-0.289421, -0.938668, -0.18745, 0.899859, -0.333577, 0.281035, -0.326328, -0.0873412, 0.941213, 0.768233, -0.211527, 0.241215)
bind/61/name = &"ValveBiped.Bip01_L_Finger12_end_073"
bind/61/bone = -1
bind/61/pose = Transform3D(100, 0, 0, 0, 100, 0, 0, 0, 100, 0, 0, 0)
bind/62/name = &"ValveBiped.Bip01_L_Finger0_047"
bind/62/bone = -1
bind/62/pose = Transform3D(0.0261373, -0.793372, 0.608176, 0.313966, -0.571083, -0.758478, 0.949074, 0.210771, 0.234165, 0.604666, 0.281582, -0.572312)
bind/63/name = &"ValveBiped.Bip01_L_Finger01_048"
bind/63/bone = -1
bind/63/pose = Transform3D(0.0986641, -0.901702, 0.42095, 0.299872, -0.37641, -0.87658, 0.948864, 0.212718, 0.233257, 0.618305, 0.144938, -0.573648)
bind/64/name = &"ValveBiped.Bip01_L_Finger02_049"
bind/64/bone = -1
bind/64/pose = Transform3D(0.201847, -0.975892, 0.0830195, 0.245296, -0.0316919, -0.96893, 0.948202, 0.21594, 0.232985, 0.606085, -0.0758981, -0.575651)
bind/65/name = &"ValveBiped.Bip01_L_Finger02_end_074"
bind/65/bone = -1
bind/65/pose = Transform3D(100, 0, 0, 0, 100, 0, 0, 0, 100, 0, 0, 0)
bind/66/name = &"ValveBiped.Bip01_L_Wrist_050"
bind/66/bone = -1
bind/66/pose = Transform3D(0.645558, -0.763594, 0.0133766, 0.00960862, -0.00939303, -0.99991, 0.763651, 0.645628, 0.00127335, 0.315192, -0.04165, -0.831612)
bind/67/name = &"ValveBiped.Bip01_L_Wrist_end_075"
bind/67/bone = -1
bind/67/pose = Transform3D(100, 0, 0, 0, 100, 0, 0, 0, 100, 0, 0, 0)
bind/68/name = &"ValveBiped.Bip01_R_Thigh_051"
bind/68/bone = -1
bind/68/pose = Transform3D(-0.0052149, -0.998643, -0.0518144, 0.00027065, 0.0518137, -0.998657, 0.999986, -0.00522192, 7.97629e-08, 0.733843, -0.0278958, 0.0779485)
bind/69/name = &"ValveBiped.Bip01_R_Calf_052"
bind/69/bone = -1
bind/69/pose = Transform3D(-0.00520254, -0.996287, -0.0859319, 0.000448992, 0.0859307, -0.996301, 0.999986, -0.00522188, 2.67669e-07, 0.392652, -0.0413465, 0.0779485)
bind/70/name = &"ValveBiped.Bip01_R_Foot_053"
bind/70/bone = -1
bind/70/pose = Transform3D(-0.043651, -0.551683, 0.832911, 0.0342128, -0.834042, -0.550639, 0.998461, 0.00446029, 0.0552814, 0.0703268, 0.0516417, 0.0789483)
bind/71/name = &"ValveBiped.Bip01_R_Toe0_054"
bind/71/bone = -1
bind/71/pose = Transform3D(-0.0523373, -1.24182e-06, 0.99863, -0.0766969, -0.997046, -0.00402086, 0.99568, -0.0768023, 0.0521826, -0.0789055, 0.00310586, 0.0796972)
bind/72/name = &"ValveBiped.Bip01_R_Toe0_end_076"
bind/72/bone = -1
bind/72/pose = Transform3D(100, 0, 0, 0, 100, 0, 0, 0, 100, 0, 0, 0)
bind/73/name = &"ValveBiped.Bip01_L_Thigh_055"
bind/73/bone = -1
bind/73/pose = Transform3D(0.00521504, -0.998643, -0.0518144, -0.000270236, 0.0518137, -0.998657, 0.999986, 0.00522204, 3.41195e-07, 0.733843, -0.0278958, -0.0779486)
bind/74/name = &"ValveBiped.Bip01_L_Calf_056"
bind/74/bone = -1
bind/74/pose = Transform3D(0.00520272, -0.996287, -0.0859319, -0.000448192, 0.0859307, -0.996301, 0.999986, 0.00522199, 5.45981e-07, 0.392652, -0.0413466, -0.0779486)
bind/75/name = &"ValveBiped.Bip01_L_Foot_057"
bind/75/bone = -1
bind/75/pose = Transform3D(0.043651, -0.551683, 0.832911, -0.0235328, -0.834042, -0.551199, 0.99877, 0.00445963, -0.0493894, 0.0703268, 0.0507945, -0.0794963)
bind/76/name = &"ValveBiped.Bip01_L_Toe0_058"
bind/76/bone = -1
bind/76/pose = Transform3D(0.0523373, -1.59113e-06, 0.99863, -0.0028378, -0.999996, 0.000147133, 0.998625, -0.00284161, -0.0523371, -0.0789058, 0.00944271, -0.0791969)
bind/77/name = &"ValveBiped.Bip01_L_Toe0_end_077"
bind/77/bone = -1
bind/77/pose = Transform3D(100, 0, 0, 0, 100, 0, 0, 0, 100, 0, 0, 0)
bind/78/name = &"Joints_059"
bind/78/bone = -1
bind/78/pose = Transform3D(100, 0, 0, 0, 100, 0, 0, 0, 100, 0, 0, 0)
bind/79/name = &"Joints_end_078"
bind/79/bone = -1
bind/79/pose = Transform3D(100, 0, 0, 0, 100, 0, 0, 0, 100, 0, 0, 0)

[sub_resource type="StandardMaterial3D" id="StandardMaterial3D_3bgks"]
resource_name = "ted_facemap"
cull_mode = 2
albedo_color = Color(0.0463689, 0.0495391, 0.0516225, 1)
roughness = 0.84194

[sub_resource type="ArrayMesh" id="ArrayMesh_kkbam"]
resource_name = "Sketchfab_Scene_head_smd_ted_facemap_0"
_surfaces = [{
"aabb": AABB(-0.0366146, 1.14966, -0.0404656, 0.0753739, 0.0705721, 0.0790219),
"attribute_data": PackedByteArray(42, 169, 19, 62, 197, 254, 46, 192, 226, 88, 23, 62, 127, 106, 44, 192, 236, 192, 185, 61, 247, 228, 45, 192, 161, 248, 177, 61, 79, 175, 48, 192, 236, 81, 56, 61, 37, 6, 45, 192, 20, 63, 70, 61, 95, 152, 48, 192, 52, 128, 55, 59, 27, 13, 44, 192, 52, 128, 183, 59, 154, 119, 48, 192, 166, 155, 68, 61, 25, 4, 42, 192, 237, 13, 62, 59, 249, 15, 41, 192, 190, 48, 89, 62, 127, 251, 54, 192, 192, 236, 94, 62, 175, 148, 53, 192, 16, 233, 55, 62, 128, 72, 51, 192, 73, 157, 160, 62, 175, 37, 56, 192, 29, 201, 133, 62, 218, 172, 58, 192, 8, 61, 219, 62, 111, 129, 56, 192, 92, 32, 193, 62, 34, 108, 60, 192, 157, 17, 5, 63, 152, 110, 58, 192, 218, 27, 12, 63, 36, 185, 60, 192, 38, 228, 35, 63, 202, 50, 60, 192, 167, 232, 72, 62, 225, 122, 48, 192, 151, 144, 15, 62, 83, 150, 49, 192, 88, 168, 117, 62, 24, 38, 51, 192, 77, 21, 172, 62, 88, 168, 53, 192, 83, 5, 227, 62, 113, 61, 54, 192, 26, 81, 10, 63, 191, 14, 56, 192, 123, 131, 31, 63, 111, 129, 56, 192, 60, 189, 50, 63, 175, 37, 56, 192, 217, 95, 54, 63, 39, 194, 58, 192, 103, 213, 71, 63, 165, 189, 53, 192, 178, 46, 46, 63, 88, 168, 53, 192, 204, 238, 25, 63, 113, 61, 54, 192, 199, 75, 7, 63, 91, 66, 54, 192, 140, 219, 232, 62, 253, 135, 52, 192, 125, 174, 182, 62, 118, 113, 51, 192, 48, 187, 135, 62, 232, 217, 48, 192, 100, 93, 92, 62, 35, 219, 45, 192, 142, 6, 144, 62, 147, 169, 46, 192, 109, 86, 189, 62, 94, 186, 49, 192, 213, 231, 234, 62, 193, 57, 51, 192, 207, 102, 5, 63, 57, 180, 52, 192, 193, 57, 227, 62, 221, 36, 50, 192, 116, 70, 4, 63, 26, 192, 51, 192, 110, 163, 17, 63, 193, 57, 51, 192, 243, 142, 3, 63, 116, 36, 51, 192, 161, 214, 244, 62, 229, 208, 50, 192, 20, 208, 20, 63, 253, 135, 52, 192, 131, 81, 41, 63, 118, 113, 51, 192, 203, 161, 37, 63, 94, 186, 49, 192, 102, 136, 19, 63, 221, 36, 50, 192, 254, 212, 56, 63, 147, 169, 46, 192, 95, 152, 60, 63, 232, 217, 48, 192, 211, 77, 66, 63, 24, 38, 51, 192, 0, 111, 113, 63, 188, 150, 48, 192, 146, 203, 127, 63, 154, 119, 48, 192, 18, 20, 127, 63, 27, 13, 44, 192, 96, 229, 80, 63, 150, 67, 51, 192, 49, 153, 90, 63, 83, 150, 49, 192, 4, 231, 76, 63, 225, 122, 48, 192, 94, 75, 72, 63, 35, 219, 45, 192, 39, 160, 89, 63, 197, 254, 46, 192, 226, 88, 103, 63, 79, 175, 48, 192, 16, 122, 102, 63, 247, 228, 45, 192, 151, 255, 112, 63, 37, 6, 45, 192, 137, 65, 112, 63, 25, 4, 42, 192, 61, 155, 101, 63, 127, 251, 42, 192, 172, 173, 88, 63, 127, 106, 44, 192, 42, 169, 19, 62, 197, 254, 46, 192, 42, 169, 19, 62, 197, 254, 46, 192, 226, 88, 23, 62, 127, 106, 44, 192, 236, 192, 185, 61, 247, 228, 45, 192, 236, 192, 185, 61, 247, 228, 45, 192, 236, 192, 185, 61, 247, 228, 45, 192, 161, 248, 177, 61, 79, 175, 48, 192, 236, 81, 56, 61, 37, 6, 45, 192, 236, 81, 56, 61, 37, 6, 45, 192, 236, 81, 56, 61, 37, 6, 45, 192, 52, 128, 55, 59, 27, 13, 44, 192, 166, 155, 68, 61, 25, 4, 42, 192, 237, 13, 62, 59, 249, 15, 41, 192, 48, 187, 135, 62, 232, 217, 48, 192, 48, 187, 135, 62, 232, 217, 48, 192, 48, 187, 135, 62, 232, 217, 48, 192, 100, 93, 92, 62, 35, 219, 45, 192, 142, 6, 144, 62, 147, 169, 46, 192, 109, 86, 189, 62, 94, 186, 49, 192, 213, 231, 234, 62, 193, 57, 51, 192, 193, 57, 227, 62, 221, 36, 50, 192, 116, 70, 4, 63, 26, 192, 51, 192, 110, 163, 17, 63, 193, 57, 51, 192, 95, 152, 60, 63, 232, 217, 48, 192, 18, 20, 127, 63, 27, 13, 44, 192, 94, 75, 72, 63, 35, 219, 45, 192, 39, 160, 89, 63, 197, 254, 46, 192, 226, 88, 103, 63, 79, 175, 48, 192, 16, 122, 102, 63, 247, 228, 45, 192, 16, 122, 102, 63, 247, 228, 45, 192, 151, 255, 112, 63, 37, 6, 45, 192, 151, 255, 112, 63, 37, 6, 45, 192, 137, 65, 112, 63, 25, 4, 42, 192, 61, 155, 101, 63, 127, 251, 42, 192, 172, 173, 88, 63, 127, 106, 44, 192),
"bone_aabbs": [AABB(0, 0, 0, -1, -1, -1), AABB(0, 0, 0, -1, -1, -1), AABB(0, 0, 0, -1, -1, -1), AABB(0, 0, 0, -1, -1, -1), AABB(0, 0, 0, -1, -1, -1), AABB(-0.0366146, 1.14966, -0.0404656, 0.0753739, 0.0705721, 0.0789933), AABB(-0.0347423, 1.15797, -0.0360927, 0.0719973, 0.0622576, 0.0746204), AABB(-0.0347423, 1.15797, -0.0360927, 0.0709168, 0.0622677, 0.074649)],
"format": 34359745559,
"index_count": 258,
